   20.40
  -27.09
  -11.34
  104.59
  39.14
  5.58
  16.79
  17.42
  21.81
  -13.67
  19.07
  20.48
  86.76
  -6.75
  -2.10
   3.99
  22.63
  61.35
   -8.26
  -5.64
   -19.20
    102.30
  -4.55
    35.11
   -15.77
    87.86
  29.94
  33.15
  4.08
    37.50
  -11.09
  -21.11
   4.19
  52.55
  -77.02
  21.58
   107.97
  23.67
  26.98
   12.96
  27.31
  27.69
  -6.86
   46.03
  6.34
   -27.95
  11.14
  27.87
  105.91
  19.48
  138.71
  -1.74
  11.48
  13.09
  -2.58
  11.97
   -18.27
  12.16
   -15.28
  23.74
